0	-1316	-264	-660
15	-1316	-264	-660
30	-112	80	-104
46	-960	-336	-16
62	-1324	0	-16
77	-1324	0	-16
92	-1548	-276	168
108	-1980	-60	-116
123	-1980	-60	-116
138	-2040	8	76
153	-2040	-264	204
169	-2040	-268	-108
184	-2040	-268	-108
199	-2040	-348	60
221	-2024	-180	-88
236	-1640	-48	172
252	-1640	-48	172
267	-1448	-268	240
283	-1308	-248	-40
299	-960	-228	-92
314	-960	-228	100
330	-536	-164	100
348	-412	-124	16
364	-372	-140	-56
380	-344	-132	36
395	-344	-132	36
410	-476	-192	24
426	-336	-64	-4
441	-488	-112	-16
457	-488	-112	-16
472	-732	-156	-56
488	-848	-136	-88
503	-1080	-140	-36
519	-1080	-140	-36
534	-1520	-276	96
549	-1748	-232	-152
565	-2040	-232	-104
581	-2040	-232	-104
596	-2040	-216	-120
612	-2040	-152	-132
628	-2040	-236	-64
644	-2040	-236	-92
659	-2040	-16	-92
674	-2040	-140	40
693	-1816	-76	248
709	-1692	32	160
725	-1692	32	160
739	-1460	12	280
755	-1180	100	236
771	-980	116	-80
786	-980	116	-80
801	-652	180	56
817	-536	352	-28
832	-1348	1816	-1268
848	-1348	1816	-1268
863	-1460	732	-696
879	-1060	768	-292
895	-1336	32	-176
911	-1336	32	-176
926	-1388	-68	-732
941	-1668	332	628
957	-1748	120	-764
973	-1748	120	-764
988	-2024	-108	388
1003	-2040	204	-464
1019	-2040	124	-232
1039	-2040	-288	476
1055	-2040	-288	476
1070	-2040	-172	140
1086	-2040	-56	56
1101	-2040	-60	-120
1117	-2040	-60	-120
1132	-2040	-192	688
1148	-1676	-60	-324
1164	-1336	-188	680
1180	-1116	-252	-60
1196	-1116	-252	-60
1211	-704	-84	-196
1227	-356	296	184
1243	-460	-296	228
1258	-460	-296	228
1273	-528	-236	56
1289	-220	-116	-40
1304	-332	-36	-360
1320	-332	-36	-360
1335	-556	-224	308
1350	-668	-52	-720
1369	-880	-172	52
1385	-880	-172	52
1400	-1160	-128	-484
1416	-1556	-224	-68
1431	-1648	-104	-84
1447	-1648	-104	-84
1461	-1984	-172	172
1477	-2040	-148	-52
1492	-2040	-116	64
1508	-2040	-116	64
1523	-2040	-68	140
1539	-2040	-136	272
1555	-2040	40	328
1570	-2040	40	328
1585	-2028	64	64
1601	-1780	68	56
1617	-1664	120	44
1633	-1664	120	44
1647	-1432	60	-136
1663	-1076	116	-8
1679	-768	264	-120
1698	-632	104	-508
1714	-632	104	-508
1728	-476	164	0
1744	-440	204	-560
1760	-516	124	-32
1776	-516	124	-32
1790	-672	140	-384
1806	-944	212	4
1822	-1044	100	460
1838	-1044	100	460
1852	-1432	152	-112
1868	-1752	36	-80
1884	-2012	52	56
1900	-2012	52	56
1915	-2012	-68	60
1931	-2040	-220	360
1947	-2040	-120	120
1963	-2040	-120	120
1978	-2040	-248	328
1994	-2004	-84	-56
2010	-2040	-352	-52
2025	-1788	-140	100
2045	-1788	-140	100
2060	-1412	-180	100
2075	-1208	-164	-180
2092	-1224	-92	-288
2108	-1224	-52	276
2123	-300	-52	276
2138	-680	-284	-508
2154	-192	-168	-224
2170	-244	-128	-188
2186	-244	-128	-188
2200	-228	-124	20
2216	-404	-108	-68
2232	-620	-108	-36
2248	-620	-108	-36
2263	-860	-132	-52
2278	-1048	-28	116
2294	-1352	-212	-8
2310	-1352	-212	-8
2325	-1420	-148	0
2341	-1624	-168	48
2357	-1900	-108	0
2376	-2040	-96	40
2391	-2040	-96	40
2406	-2040	-164	236
2422	-2040	-72	-32
2438	-2040	-56	-44
2453	-2040	-56	-44
2468	-1852	0	-16
2484	-1644	52	-128
2499	-1644	52	-128
2514	-1744	-352	12
2530	-1128	192	196
2546	-1192	24	-176
2561	-964	124	-324
2577	-964	124	-324
2592	-864	148	64
2607	-780	216	-180
2623	-780	216	-180
2638	-752	212	-340
2653	-712	196	-36
2669	-808	184	-108
2685	-808	168	-28
2703	-988	168	-28
2718	-1020	120	8
2733	-1224	84	-60
2749	-1492	-8	-104
2765	-1492	-8	-104
2779	-1640	-20	-16
2795	-1776	-68	156
2811	-1916	-76	-8
2827	-1916	-76	-8
2842	-2040	-120	-28
2858	-2040	-156	100
2874	-2040	-184	52
2890	-2040	-184	52
2905	-2036	-188	-32
2921	-1888	-212	20
2936	-1768	-312	72
2952	-1768	-312	72
2967	-1324	-108	-120
2982	-1084	-216	48
2998	-744	128	-140
3014	-744	128	-140
3029	-632	-248	-68
3047	-624	-96	-32
3063	-612	-108	-4
3079	-396	-84	-68
3095	-396	-84	-68
3110	-612	-136	4
3126	-492	-64	-360
3141	-788	-144	-8
3157	-788	-144	-8
3172	-800	-92	-268
3187	-1208	-176	-92
3203	-1320	-148	-36
3218	-1320	-148	-36
3232	-1560	-148	-32
3247	-1852	-160	32
3263	-2040	-264	-24
3279	-2040	-264	-24
3294	-2040	-112	-52
3310	-2040	-64	164
3326	-2040	32	192
3341	-2040	32	192
3356	-2032	28	-244
3375	-1984	128	416
3391	-1548	164	72
3406	-1412	112	-176
3422	-1412	112	-176
3437	-1392	-24	60
3453	-1140	156	-104
3469	-636	360	-304
3485	-636	360	-304
3500	-852	132	-28
3515	-736	132	8
3531	-524	244	32
3546	-524	244	32
3561	-728	188	-216
3577	-816	84	-216
3592	-976	132	-448
3608	-976	132	-448
3623	-1164	76	116
3639	-1344	80	-128
3655	-1628	8	-108
3671	-1628	8	-108
3685	-1808	-12	-104
3701	-1976	-204	-52
3719	-1880	-124	-4
3734	-1880	-124	-4
3749	-1856	-132	76
3765	-1824	-188	24
3781	-1988	-228	80
3797	-1988	-228	80
3812	-1700	-220	488
3827	-1440	-160	-128
3843	-1204	-148	-32
3859	-1204	-148	-32
3874	-964	-168	-48
3890	-724	-180	20
3905	-424	168	-8
3921	-424	168	-8
3935	-340	-172	-200
3951	-272	-148	116
3967	-600	-228	24
3983	-600	-228	24
3998	-268	8	-292
4014	-592	-116	-152
4029	-692	-104	-344
4047	-1044	-120	-196
4063	-1044	-120	-196
4078	-1180	-92	-48
4094	-1460	-120	-80
4110	-1584	-96	-160
4126	-1584	-96	-160
4141	-1912	-116	-12
4157	-1980	-148	-112
4173	-2040	-120	188
4188	-2040	-120	188
4203	-1908	152	68
4219	-2040	-104	492
4234	-1980	-40	312
4249	-1980	-40	312
4264	-1908	52	-196
4280	-1744	-8	228
4296	-1440	-48	120
4312	-1440	-48	120
4326	-1092	360	-60
4342	-1168	68	-64
4358	-1136	108	-108
4376	-828	320	128
4392	-828	320	128
4407	-848	260	-464
4422	-776	120	136
4438	-780	180	-656
4454	-780	180	-656
4469	-836	92	124
4485	-1000	128	-100
4501	-1084	80	-16
4517	-1084	80	-16
4532	-1308	36	-112
4547	-1336	-24	32
4563	-1408	-12	-164
4579	-1408	-12	-164
4594	-1640	-48	4
4609	-1632	-144	144
4626	-1996	-172	268
4641	-1996	-172	268
4655	-1808	-176	112
4670	-1616	-188	88
4686	-1456	-112	-40
4705	-1456	-112	56
4721	-1376	-176	56
4735	-1204	-164	92
4751	-944	60	-148
4767	-880	8	-160
4782	-880	8	-160
4797	-976	-216	-100
4813	-612	-60	-96
4829	-608	-80	-184
4845	-608	-80	-184
4859	-500	-72	-372
4875	-564	-112	-148
4891	-584	-100	-184
4907	-584	-100	-184
4922	-820	-116	-72
4938	-956	-124	-68
4953	-1104	-152	-216
4969	-1104	-152	-216
4983	-1436	-120	-208
4999	-1632	-160	-16
5015	-1580	-60	200
5031	-1580	-60	200
5049	-1748	-172	-40
5065	-1624	144	28
5081	-1948	-196	516
5096	-1948	-196	-212
5112	-1744	-20	-212
5127	-1480	128	248
5143	-1568	-44	216
5158	-1360	220	-60
5174	-1360	220	-60
5189	-1084	132	-228
5204	-1248	-280	168
5221	-680	328	164
5236	-680	328	164
5251	-800	56	-64
5267	-508	284	-568
5283	-816	132	248
5299	-816	132	248
5314	-676	228	-668
5330	-900	104	200
5346	-952	164	-412
5361	-952	164	-412
5379	-1148	152	44
5395	-1280	160	108
5410	-1448	52	-152
5426	-1448	52	-152
5441	-1640	4	60
5457	-1664	72	28
5472	-1928	-100	-168
5488	-1928	-100	-168
5503	-1764	-84	84
5519	-1912	-384	244
5534	-1876	-268	-168
5550	-1772	-200	424
5566	-1772	-200	424
5581	-1452	-132	80
5597	-1420	32	-272
5613	-1416	-144	-32
5629	-1416	-144	-32
5644	-1108	64	92
5659	-1148	-88	-148
5675	-880	36	-120
5690	-880	36	-120
5708	-684	-64	-316
5723	-800	-172	-60
5739	-604	-120	-32
5755	-604	-120	-32
5770	-548	-80	-308
5786	-612	-120	-164
5802	-772	-144	-108
5818	-944	-136	-128
5834	-944	-136	-128
5849	-1132	-124	-80
5865	-1284	-108	-164
5881	-1500	-36	-40
5896	-1500	-36	-40
5911	-1680	-64	-68
5927	-1844	-172	192
5943	-1884	-216	-56
5959	-1884	-216	-56
5974	-1932	-52	-248
5990	-1612	-172	532
6006	-1488	-8	108
6022	-1488	-8	108
6037	-1344	84	-56
6056	-1324	32	216
6072	-1268	92	88
6088	-1188	392	-216
6103	-1188	392	-216
6118	-1064	256	-96
6134	-1024	72	60
6150	-992	132	-40
6166	-992	132	-40
6181	-684	256	24
6196	-876	144	-508
6212	-832	84	48
6227	-832	84	48
6241	-912	132	-352
6256	-992	52	92
6272	-1196	60	-280
6288	-1196	60	-280
6302	-1460	-168	32
6318	-1480	-80	-4
6334	-1620	-64	-68
6350	-1620	-64	-68
6364	-1680	4	-16
6384	-1764	-40	-36
6399	-1720	-132	-112
6415	-1720	-132	-112
6430	-1672	-244	164
6446	-1544	-140	268
6462	-1396	-100	104
6478	-1244	-140	-8
6494	-1244	-140	-8
6509	-1072	-120	-36
6525	-868	-92	160
6540	-828	-224	92
6556	-828	-224	92
6570	-576	-28	-228
6586	-732	-188	40
6602	-572	-104	56
6618	-572	-104	56
6633	-696	-56	-104
6648	-712	-16	-148
6664	-2004	1968	-1048
6680	-2004	1968	-1048
6696	-1416	1140	372
6715	-1400	616	-212
6731	-1684	756	32
6747	-848	616	260
6763	-848	616	260
6777	-552	604	-156
6793	-580	1008	-580
6809	-632	800	-312
6825	-632	800	-312
6840	-604	964	160
6855	-732	1132	168
6871	-716	1060	-56
6887	-716	1060	-56
6902	-684	992	-36
6918	-628	984	172
6934	-584	900	208
6950	-584	900	208
6964	-504	1000	44
6980	-528	952	112
6996	-492	1096	4
7012	-492	1096	4
7026	-464	1020	-216
7042	-360	972	84
7061	-396	876	-80
7077	-380	784	-28
7092	-380	784	-28
7107	-336	888	-204
7123	-252	1024	-260
7139	-448	684	384
7155	-448	684	384
7169	-560	436	-388
7185	172	1472	20
7200	-12	1204	88
7216	-12	1204	88
7231	-552	768	-28
7247	-252	940	92
7263	-276	972	-176
7278	-276	972	-176
7293	-248	1128	-52
7309	-244	1076	88
7325	-232	916	-32
7341	-232	916	-32
7356	-228	880	120
7371	-200	1204	-124
7387	-236	1104	-52
7406	-224	988	-68
7422	-224	988	-68
7436	-240	964	116
7452	-236	1080	-36
7468	-236	1124	-52
